ano,reserva_1p,reserva_total,exportacao,consumo,cenario
2023,15894000000,18222300000,581875783,733979799.3946,1
2024,14578144417.6054,16906444417.6054,581875783,733979799.3946,1
2025,13262288835.2108,15590588835.2108,581875783,733979799.3946,1
2026,11946433252.8162,14274733252.8162,581875783,733979799.3946,1
2027,10630577670.4216,12958877670.4216,581875783,733979799.3946,1
2028,9314722088.027,11643022088.027,581875783,733979799.3946,1
2029,7998866505.6324,10327166505.6324,581875783,733979799.3946,1
2030,6683010923.237801,9011310923.2378,581875783,733979799.3946,1
2031,5367155340.843201,7695455340.843201,581875783,733979799.3946,1
2032,4051299758.448601,6379599758.448601,581875783,733979799.3946,1
2033,2735444176.054001,5063744176.054001,581875783,733979799.3946,1
2034,1419588593.659401,3747888593.659401,581875783,733979799.3946,1
2035,103733011.26480104,2432033011.264801,581875783,733979799.3946,1
2036,-1212122571.129799,1116177428.870201,581875783,733979799.3946,1
2037,-2527978153.524399,-199678153.5243988,581875783,733979799.3946,1
2038,-3843833735.9189982,-1515533735.9189987,581875783,733979799.3946,1
2039,-5159689318.313599,-2831389318.3135986,581875783,733979799.3946,1
2040,-6475544900.708199,-4147244900.7081985,581875783,733979799.3946,1
2041,-7791400483.102798,-5463100483.102798,581875783,733979799.3946,1
2042,-9107256065.497398,-6778956065.497398,581875783,733979799.3946,1
2043,-10423111647.891998,-8094811647.891998,581875783,733979799.3946,1
2044,-11738967230.286598,-9410667230.286598,581875783,733979799.3946,1
2045,-13054822812.681198,-10726522812.681198,581875783,733979799.3946,1
2046,-14370678395.075798,-12042378395.075798,581875783,733979799.3946,1
2047,-15686533977.470398,-13358233977.470398,581875783,733979799.3946,1
2048,-17002389559.864998,-14674089559.864998,581875783,733979799.3946,1
2049,-18318245142.2596,-15989945142.259598,581875783,733979799.3946,1
2050,-19634100724.6542,-17305800724.654198,581875783,733979799.3946,1
2023,15894000000,18222300000,581875783,1186250000,2
2024,14125874217,16454174217,533581357.08178747,1211800000,2
2025,12380492859.918213,14708792859.918213,559019758.3824911,1215450000,2
2026,10606023101.53572,12934323101.53572,584458159.6831948,1222750000,2
2027,8798814941.852526,11127114941.852526,609896560.9838984,1222750000,2
2028,6966168380.868628,9294468380.868628,635334962.2846022,1226400000,2
2029,5104433418.584026,7432733418.584026,660773363.5853058,1233700000,2
2030,3209960054.99872,5538260054.99872,686211764.8860095,1237350000,2
2031,1286398290.112711,3614698290.112711,711650166.1867131,1246344642.857144,2
2032,-671596518.9311466,1656703481.0688534,737088567.4874167,1252297619.0476203,2
2033,-2660982705.4661827,-332682705.4661827,762526968.7881205,1258250595.2380967,2
2034,-4681760269.492401,-2353460269.492401,787965370.0888242,1264203571.428573,2
2035,-6733929211.009796,-4405629211.009796,813403771.3895278,1270156547.619049,2
2036,-8817489530.018372,-6489189530.018372,838842172.6902314,1276109523.8095253,2
2037,-10932441226.518127,-8604141226.518127,864280573.9909352,1282062500.0000014,2
2038,-13078784300.509064,-10750484300.509064,889718975.2916389,1288015476.1904776,2
2039,-15256518751.99118,-12928218751.99118,915157376.5923424,1293968452.3809538,2
2040,-17465644580.964478,-15137344580.964478,940595777.893046,1299921428.57143,2
2041,-19706161787.428955,-17377861787.428955,966034179.1937498,1305874404.761906,2
2042,-21978070371.384613,-19649770371.384613,991472580.4944535,1311827380.9523823,2
2043,-24281370332.83145,-21953070332.83145,1016910981.7951572,1317780357.1428587,2
2044,-26616061671.76947,-24287761671.76947,1042349383.0958608,1323733333.333335,2
2045,-28982144388.19867,-26653844388.19867,1067787784.3965644,1329686309.523811,2
2046,-31379618482.11905,-29051318482.11905,1093226185.6972682,1335639285.7142873,2
2047,-33808483953.5306,-31480183953.5306,1118664586.9979718,1341592261.9047637,2
2048,-36268740802.433334,-33940440802.433334,1144102988.2986755,1347545238.0952396,2
2049,-38760389028.82725,-36432089028.82725,1169541389.5993793,1353498214.2857158,2
2050,-41283428632.71234,-38955128632.71234,1194979790.9000828,1359451190.476192,2
2023,15894000000,18222300000,581875783,733979799,3
2024,14578144418,16906444418,568238069,716777147,3
2025,13293129202,15621429202,554600356,699574496,3
2026,12038954350,14367254350,540962642,682371844,3
2027,10815619864,13143919864,513687215,647966541,3
2028,9653966108,11982266108,500049501,630763890,3
2029,8523152717,10851452717,486411787,613561238,3
2030,7423179692,9751479692,472774074,596358587,3
2031,6354047031,8682347031,445498646,579155935,3
2032,5329392450,7657692450,431860933,561953284,3
2033,4335578233,6663878233,404585505,544750632,3
2034,3386242096,5714542096,390947792,510345329,3
2035,2484948975,4813248975,377310078,493142677,3
2036,1614496220,3942796220,350034651,475940026,3
2037,788521543,3116821543,336396937,441534723,3
2038,10589883,2338889883,322759224,424332071,3
2039,-736501412,1591798588,309121510,407129420,3
2040,-1452752342,875547658,295483796,372724117,3
2041,-2120960255,207339745,281846083,355521465,3
2042,-2758327803,-430027803,268208369,338318814,3
2043,-3364854986,-1036554986,240932942,321116162,3
2044,-3926904090,-1598604090,227295228,303913511,3
2045,-4458112829,-2129812829,213657514,286710859,3
2046,-4958481202,-2630181202,200019801,269508207,3
2047,-5428009210,-3099709210,186382087,235102904,3
2048,-5849494201,-3521194201,172744373,217900253,3
2049,-6240138827,-3911838827,159106660,200697601,3
2050,-6599943088,-4271643088,145468946,183494950,3
2023,15894000000,18222300000,0,1186250000,4
2024,14707750000,17036050000,0,1211800000,4
2025,13495950000,15824250000,0,1215450000,4
2026,12280500000,14608800000,0,1222750000,4
2027,11057750000,13386050000,0,1222750000,4
2028,9835000000,12163300000,0,1226400000,4
2029,8608600000,10936900000,0,1233700000,4
2030,7374900000,9703200000,0,1237350000,4
2031,6137550000,8465850000,0,1246344642.857144,4
2032,4891205357.142857,7219505357.142857,0,1252297619.0476203,4
2033,3638907738.095236,5967207738.095236,0,1258250595.2380967,4
2034,2380657142.8571396,4708957142.85714,0,1264203571.428573,4
2035,1116453571.428566,3444753571.428566,0,1270156547.619049,4
2036,-153702976.1904831,2174597023.809517,0,1276109523.8095253,4
2037,-1429812500.0000076,898487499.9999924,0,1282062500.0000014,4
2038,-2711875000.0000076,-383575000.0000076,0,1288015476.1904776,4
2039,-3999890476.190487,-1671590476.190487,0,1293968452.3809538,4
2040,-5293858928.571442,-2965558928.5714417,0,1299921428.57143,4
2041,-6593780357.142872,-4265480357.142872,0,1305874404.761906,4
2042,-7899654761.904778,-5571354761.904778,0,1311827380.9523823,4
2043,-9211482142.85716,-6883182142.857159,0,1317780357.1428587,4
2044,-10529262500.00002,-8200962500.000019,0,1323733333.333335,4
2045,-11852995833.333357,-9524695833.333357,0,1329686309.523811,4
2046,-13182682142.857166,-10854382142.857166,0,1335639285.7142873,4
2047,-14518321428.571451,-12190021428.571451,0,1341592261.9047637,4
2048,-15859913690.476215,-13531613690.476215,0,1347545238.0952396,4
2049,-17207458928.571457,-14879158928.571457,0,1353498214.2857158,4
2050,-18560957142.85717,-16232657142.85717,0,1359451190.476192,4
2023,15894000000,18222300000,581875783,733979799,5
2024,14578144418,16906444418,581875783,716777147,5
2025,13279491488,15607791488,581875783,699574496,5
2026,11998041209,14326341209,581875783,682371844,5
2027,10733793582,13062093582,581875783,647966541,5
2028,9503951258,11832251258,581875783,630763890,5
2029,8291311585,10619611585,581875783,613561238,5
2030,7095874564,9424174564,581875783,596358587,5
2031,5917640194,8245940194,581875783,579155935,5
2032,4756608476,7084908476,581875783,561953284,5
2033,3612779409,5941079409,581875783,544750632,5
2034,2486152994,4814452994,581875783,510345329,5
2035,1393931882,3722231882,581875783,493142677,5
2036,318913422,2647213422,581875783,475940026,5
2037,-738902387,1589397613,581875783,441534723,5
2038,-1762312893,565987107,581875783,424332071,5
2039,-2768520747,-440220747,581875783,407129420,5
2040,-3757525950,-1429225950,581875783,372724117,5
2041,-4712125850,-2383825850,581875783,355521465,5
2042,-5649523098,-3321223098,581875783,338318814,5
2043,-6569717695,-4241417695,581875783,321116162,5
2044,-7472709640,-5144409640,581875783,303913511,5
2045,-8358498934,-6030198934,581875783,286710859,5
2046,-9227085576,-6898785576,581875783,269508207,5
2047,-10078469566,-7750169566,581875783,235102904,5
2048,-10895448253,-8567148253,581875783,217900253,5
2049,-11695224289,-9366924289,581875783,200697601,5
2050,-12477797673,-10149497673,581875783,183494950,5
